0,020 0,010 0,040 
0,050 0,040 0,020 
0,070 0,100 0,060 
0,100 0,040 0,050 
0,060 0,060 0,090 
0,090 0,010 0,040 
0,090 0,020 0,050 
0,100 0,010 0,010 
0,060 0,050 0,040 
0,050 0,050 0,030 
0,050 0,040 0,090 
0,090 0,030 0,060 
0,060 0,010 0,030 
0,060 0,010 0,060 

0,000 0,000 0,050 
0,050 0,000 0,070 
0,050 0,030 0,050 
0,050 0,030 0,040 
0,070 0,070 0,010 
0,060 0,000 0,040 
0,100 0,040 0,080 
0,090 0,020 0,030 
0,070 0,030 0,020 
0,020 0,020 0,030 
0,090 0,020 0,040 
0,060 0,050 0,020 
0,100 0,020 0,030 
0,030 0,020 0,030 

0,010 0,020 0,050 
0,050 0,020 0,030 
0,130 0,030 0,030 
0,090 0,050 0,040 
0,090 0,090 0,040 
0,120 0,040 0,030 
0,070 0,070 0,070 
0,040 0,050 0,040 
0,080 0,030 0,040 
0,060 0,060 0,020 
0,090 0,040 0,050 
0,060 0,020 0,040 
0,060 0,050 0,020 
0,060 0,040 0,040 

0,030 0,040 0,040 
0,080 0,010 0,070 
0,070 0,040 0,030 
0,110 0,050 0,050 
0,060 0,060 0,040 
0,110 0,050 0,030 
0,060 0,010 0,060 
0,040 0,020 0,070 
0,060 0,060 0,040 
0,080 0,080 0,030 
0,100 0,030 0,010 
0,100 0,030 0,060 
0,090 0,020 0,040 
0,060 0,000 0,070 

